[app/ui]
version = 8.0.3
modtime = 1587147787.809598000

[app/launcher]
version = 8.0.3
modtime = 1587147787.810281000
